s 0 0 -1.5 -3.14159 2.2
s 0 0 -1.5 -2.84239 2.2
s 0 0 -1.5 -2.54319 2.2
s 0 0 -1.5 -2.24399 2.2
s 0 0 -1.5 -1.9448 2.2
s 0 0 -1.5 -1.6456 2.2
s 0 0 -1.5 -1.3464 2.2
s 0 0 -1.5 -1.0472 2.2
s 0 0 -1.5 -0.747998 2.2
s 0 0 -1.5 -0.448799 2.2
s 0 0 -1.5 -0.1496 2.2
s 0 0 -1.5 0.1496 2.2
s 0 0 -1.5 0.448799 2.2
s 0 0 -1.5 0.747998 2.2
s 0 0 -1.5 1.0472 2.2
s 0 0 -1.5 1.3464 2.2
s 0 0 -1.5 1.6456 2.2
s 0 0 -1.5 1.9448 2.2
s 0 0 -1.5 2.24399 2.2
s 0 0 -1.5 2.54319 2.2
s 0 0 -1.5 2.84239 2.2
s 0 0.7 0.15 -3.14159 0.25
s 0 0.7 0.15 -2.84239 0.25
s 0 0.7 0.15 -2.54319 0.25
s 0 0.7 0.15 -2.24399 0.25
s 0 0.7 0.15 -1.9448 0.25
s 0 0.7 0.15 -1.6456 0.25
s 0 0.7 0.15 -1.3464 0.25
s 0 0.7 0.15 -1.0472 0.25
s 0 0.7 0.15 -0.747998 0.25
s 0 0.7 0.15 -0.448799 0.25
s 0 0.7 0.15 -0.1496 0.25
s 0 0.7 0.15 0.1496 0.25
s 0 0.7 0.15 0.448799 0.25
s 0 0.7 0.15 0.747998 0.25
s 0 0.7 0.15 1.0472 0.25
s 0 0.7 0.15 1.3464 0.25
s 0 0.7 0.15 1.6456 0.25
s 0 0.7 0.15 1.9448 0.25
s 0 0.7 0.15 2.24399 0.25
s 0 0.7 0.15 2.54319 0.25
s 0 0.7 0.15 2.84239 0.25
