c 0 -0.505 1.995 0.25
c 0 -0.48 1.97 0.25
c 0 -0.455 1.945 0.25
c 0 -0.43 1.92 0.25
c 0 -0.405 1.895 0.25
c 0 -0.38 1.87 0.25
c 0 -0.355 1.845 0.25
c 0 -0.33 1.82 0.25
c 0 -0.305 1.795 0.25
c 0 -0.28 1.77 0.25
c 1 -0.255 1.745 0.25
c 1 -0.23 1.72 0.25
c 1 -0.205 1.695 0.25
c 1 -0.18 1.67 0.25
c 1 -0.155 1.645 0.25
c 1 -0.13 1.62 0.25
c 1 -0.105 1.595 0.25
c 1 -0.08 1.57 0.25
c 1 -0.055 1.545 0.25
c 1 -0.03 1.52 0.25
c 1 -0.005 1.495 0.25
c 1 0.02 1.47 0.25
c 1 0.045 1.445 0.25
c 1 0.07 1.42 0.25
c 1 0.095 1.395 0.25
c 1 0.12 1.37 0.25
c 1 0.145 1.345 0.25
c 1 0.17 1.32 0.25
c 1 0.195 1.295 0.25
c 1 0.22 1.27 0.25
c 1 0.245 1.245 0.25
c 1 0.27 1.22 0.25
c 1 0.295 1.195 0.25
c 0 0.32 1.17 0.25
c 0 0.345 1.145 0.25
c 0 -1.88 0.495 0.25
c 0 -1.855 0.495 0.25
c 0 -1.83 0.495 0.25
c 0 -1.805 0.495 0.25
c 0 -1.78 0.495 0.25
c 0 -1.755 0.495 0.25
c 1 -1.73 0.495 0.25
c 1 -1.705 0.495 0.25
c 1 -1.68 0.495 0.25
c 1 -1.655 0.495 0.25
c 1 -1.63 0.495 0.25
c 1 -1.605 0.495 0.25
c 1 -1.58 0.495 0.25
c 1 -1.555 0.495 0.25
c 1 -1.53 0.495 0.25
c 1 -1.505 0.495 0.25
c 1 -1.48 0.495 0.25
c 1 -1.455 0.495 0.25
c 1 -1.43 0.495 0.25
c 1 -1.405 0.495 0.25
c 1 -1.38 0.495 0.25
c 1 -1.355 0.495 0.25
c 1 -1.33 0.495 0.25
c 1 -1.305 0.495 0.25
c 1 -1.28 0.495 0.25
c 1 -1.255 0.495 0.25
c 1 -1.23 0.495 0.25
c 1 -1.205 0.495 0.25
c 1 -1.18 0.495 0.25
c 1 -1.155 0.495 0.25
c 1 -1.13 0.495 0.25
c 1 -1.105 0.495 0.25
c 1 -1.08 0.495 0.25
c 1 -1.055 0.495 0.25
c 1 -1.03 0.495 0.25
c 1 -1.005 0.495 0.25
c 1 -0.98 0.495 0.25
c 1 -0.955 0.495 0.25
c 1 -0.93 0.495 0.25
c 1 -0.905 0.495 0.25
c 1 -0.88 0.495 0.25
c 1 -0.855 0.495 0.25
c 1 -0.83 0.495 0.25
c 1 -0.805 0.495 0.25
c 1 -0.78 0.495 0.25
c 1 -0.755 0.495 0.25
c 1 -0.73 0.495 0.25
c 1 -0.705 0.495 0.25
c 1 -0.68 0.495 0.25
c 1 -0.655 0.495 0.25
c 1 -0.63 0.495 0.25
c 1 -0.605 0.495 0.25
c 1 -0.58 0.495 0.25
c 1 -0.555 0.495 0.25
c 1 -0.53 0.495 0.25
c 1 -0.505 0.495 0.25
c 1 -0.48 0.495 0.25
c 1 -0.455 0.495 0.25
c 1 -0.43 0.495 0.25
c 1 -0.405 0.495 0.25
c 1 -0.38 0.495 0.25
c 1 -0.355 0.495 0.25
c 1 -0.33 0.495 0.25
c 1 -0.305 0.495 0.25
c 1 -0.28 0.495 0.25
c 1 -0.255 0.495 0.25
c 1 -0.23 0.495 0.25
c 1 -0.205 0.495 0.25
c 1 -0.18 0.495 0.25
c 1 -0.155 0.495 0.25
c 1 -0.13 0.495 0.25
c 1 -0.105 0.495 0.25
c 1 -0.08 0.495 0.25
c 1 -0.055 0.495 0.25
c 1 -0.03 0.495 0.25
c 1 -0.005 0.495 0.25
c 1 0.02 0.495 0.25
c 1 0.045 0.495 0.25
c 1 0.07 0.495 0.25
c 1 0.095 0.495 0.25
c 1 0.12 0.495 0.25
c 1 0.145 0.495 0.25
c 1 0.17 0.495 0.25
c 1 0.195 0.495 0.25
c 1 0.22 0.495 0.25
c 1 0.245 0.495 0.25
c 0 0.27 0.495 0.25
c 0 0.295 0.495 0.25
c 0 0.32 0.495 0.25
c 0 0.345 0.495 0.25
c 0 0.37 0.495 0.25
c 1 1.3 3.745 0.25
c 1 1.3 3.72 0.25
c 1 1.3 3.695 0.25
c 1 1.3 3.67 0.25
c 1 1.3 3.645 0.25
c 1 1.3 3.62 0.25
c 1 1.3 3.595 0.25
c 1 1.3 3.57 0.25
c 1 1.3 3.545 0.25
c 1 1.3 3.52 0.25
c 1 1.3 3.495 0.25
c 1 1.3 3.47 0.25
c 1 1.3 3.445 0.25
c 1 1.3 3.42 0.25
c 1 1.3 3.395 0.25
c 1 1.3 3.37 0.25
c 1 1.3 3.345 0.25
c 1 1.3 3.32 0.25
c 1 1.3 3.295 0.25
c 1 1.3 3.27 0.25
c 1 1.3 3.245 0.25
c 1 1.3 3.22 0.25
c 1 1.3 3.195 0.25
c 1 1.3 3.17 0.25
c 1 1.3 3.145 0.25
c 1 1.3 3.12 0.25
c 1 1.3 3.095 0.25
c 1 1.3 3.07 0.25
c 1 1.3 3.045 0.25
c 1 1.3 3.02 0.25
c 1 1.3 2.995 0.25
c 1 1.3 2.97 0.25
c 1 1.3 2.945 0.25
c 1 1.3 2.92 0.25
c 1 1.3 2.895 0.25
c 1 1.3 2.87 0.25
c 1 1.3 2.845 0.25
c 1 1.3 2.82 0.25
c 1 1.3 2.795 0.25
c 1 1.3 2.77 0.25
c 1 1.3 2.745 0.25
c 1 1.3 2.72 0.25
c 1 1.3 2.695 0.25
c 1 1.3 2.67 0.25
c 1 1.3 2.645 0.25
c 1 1.3 2.62 0.25
c 1 1.3 2.595 0.25
c 1 1.3 2.57 0.25
c 1 1.3 2.545 0.25
c 1 1.3 2.52 0.25
c 1 1.3 2.495 0.25
c 1 1.3 2.47 0.25
c 1 1.3 2.445 0.25
c 1 1.3 2.42 0.25
c 1 1.3 2.395 0.25
c 1 1.3 2.37 0.25
c 1 1.3 2.345 0.25
c 1 1.3 2.32 0.25
c 1 1.3 2.295 0.25
c 1 1.3 2.27 0.25
c 1 1.3 2.245 0.25
c 1 1.3 2.22 0.25
c 1 1.3 2.195 0.25
c 1 1.3 2.17 0.25
c 1 1.3 2.145 0.25
c 1 1.3 2.12 0.25
c 1 1.3 2.095 0.25
c 1 1.3 2.07 0.25
c 1 1.3 2.045 0.25
c 1 1.3 2.02 0.25
c 1 1.3 1.995 0.25
c 1 1.3 1.97 0.25
c 1 1.3 1.945 0.25
c 1 1.3 1.92 0.25
c 1 1.3 1.895 0.25
c 1 1.3 1.87 0.25
c 1 1.3 1.845 0.25
c 1 1.3 1.82 0.25
c 1 1.3 1.795 0.25
c 1 1.3 1.77 0.25
c 1 1.3 1.745 0.25
c 1 1.3 1.72 0.25
c 1 1.3 1.695 0.25
c 1 1.3 1.67 0.25
c 1 1.3 1.645 0.25
c 1 1.3 1.62 0.25
c 1 1.3 1.595 0.25
c 1 1.3 1.57 0.25
c 1 1.3 1.545 0.25
c 1 1.3 1.52 0.25
c 1 1.3 1.495 0.25
c 1 1.3 1.47 0.25
c 1 1.3 1.445 0.25
c 1 1.3 1.42 0.25
c 1 1.3 1.395 0.25
c 1 1.3 1.37 0.25
c 1 1.3 1.345 0.25
c 1 1.3 1.32 0.25
c 1 1.3 1.295 0.25
c 1 1.3 1.27 0.25
c 0 1.3 1.245 0.25
c 0 1.3 1.22 0.25
c 0 1.3 1.195 0.25
c 0 1.3 1.17 0.25
c 0 1.3 1.145 0.25
c 0 1.3 1.12 0.25
