c 0 -1.17985 -1.46215 0.25
c 0 0.074068 2.30189 0.25
c 1 2.66669 -2.09452 0.25
c 0 0.0370082 2.20047 0.25
c 0 -3.13552 -1.99827 0.25
c 0 -2.36584 2.19634 0.25
c 1 -3.52243 0.932705 0.25
c 0 0.0226317 2.61152 0.25
c 1 -0.100889 -2.5763 0.25
c 1 0.368064 -0.506635 0.25
c 0 3.67661 0.122727 0.25
c 1 2.98879 3.08938 0.25
c 1 -1.21889 -2.62971 0.25
c 1 -1.46407 -3.07345 0.25
c 0 -1.80044 -1.21424 0.25
c 0 0.230702 -1.40484 0.25
c 1 -3.31008 -1.85612 0.25
c 1 2.84141 0.855943 0.25
c 0 -2.83559 2.27167 0.25
c 1 -0.329836 -0.432934 0.25
c 0 0.557337 2.61014 0.25
c 0 3.71816 -1.01152 0.25
c 1 -3.41573 1.5975 0.25
c 0 2.30599 -0.0466944 0.25
c 0 0.639031 -1.43206 0.25
c 0 0.289545 1.12059 0.25
c 1 -1.46716 -0.541865 0.25
c 1 0.64886 -3.73781 0.25
c 1 -0.0667589 -3.47597 0.25
c 1 2.93062 2.74721 0.25
c 1 -1.46862 3.66274 0.25
c 1 1.51612 1.70123 0.25
c 0 3.27793 2.65826 0.25
c 0 -1.94757 -2.0005 0.25
c 1 -0.189439 -3.42184 0.25
c 1 3.03013 -0.838439 0.25
c 1 2.45839 -3.14663 0.25
c 1 -2.19306 -2.96148 0.25
c 1 -0.532458 0.449036 0.25
c 0 -2.39054 1.7675 0.25
c 0 0.953362 0.79221 0.35
c 0 1.0959 2.36588 0.35
c 1 -1.16863 -2.64068 0.35
c 0 -0.249643 -1.06041 0.35
c 0 -2.75711 1.50193 0.35
c 0 3.03206 -0.952316 0.35
c 1 1.98138 -2.46996 0.35
c 1 -0.845261 0.0119007 0.35
c 1 2.47941 -0.728774 0.35
c 1 1.44519 1.67123 0.35
c 1 -3.37395 -0.957238 0.35
c 0 0.392235 1.85 0.35
c 1 -2.95955 2.91109 0.35
c 0 -3.27009 -1.68017 0.35
c 1 0.585992 -2.93568 0.35
c 0 0.605819 0.861196 0.35
c 1 -1.13016 1.07242 0.35
c 0 -1.92774 -2.58897 0.35
c 1 -1.95287 2.87254 0.35
c 0 1.00395 -0.952502 0.35
c 0 -3.25258 -1.42017 0.35
c 1 0.984818 -0.444544 0.35
c 0 -2.72189 0.0289022 0.35
c 1 -1.20519 3.43068 0.35
c 0 -1.70749 0.0374274 0.35
c 0 -2.82932 -1.83304 0.35
c 1 -2.22287 -3.47937 0.35
c 1 3.31468 -2.31073 0.35
c 0 1.81174 0.0896669 0.35
c 1 -0.728439 1.37609 0.35
c 1 -2.74155 -3.20689 0.35
c 0 -1.87809 1.46737 0.35
c 1 -1.05892 0.401113 0.35
c 0 -3.24471 2.46132 0.35
c 1 -0.17092 -2.59826 0.35
c 1 -1.561 3.05033 0.35
c 0 -2.0528 2.755 0.35
c 1 -1.62179 -1.33018 0.35
c 1 -0.552153 -0.463667 0.35
c 0 1.94668 -0.0160054 0.35
c 0 -2.13427 -2.38835 0.45
c 1 -0.329593 -0.490853 0.45
c 0 -2.44904 0.835902 0.45
c 0 -2.80012 2.4218 0.45
c 0 -0.544705 1.90988 0.45
c 1 -3.53545 1.11378 0.45
c 0 -0.949878 -1.40251 0.45
c 1 -0.751451 1.49593 0.45
c 0 0.403283 3.38653 0.45
c 1 -0.332181 3.53914 0.45
c 0 -2.82865 1.91843 0.45
c 0 -1.02365 -1.94758 0.45
c 0 -0.493323 -1.80812 0.45
c 0 0.994675 2.54305 0.45
c 0 -2.28812 -0.75389 0.45
c 0 1.6928 0.313265 0.45
c 0 -3.09771 -0.0169363 0.45
c 1 2.81955 -2.69466 0.45
c 0 3.12618 1.1508 0.45
c 1 -1.22757 -2.66762 0.45
c 0 1.33822 1.38389 0.45
c 0 -2.02996 2.52434 0.45
c 1 -0.688368 -3.24889 0.45
c 1 0.168971 -3.25607 0.45
c 1 -2.41869 -3.17482 0.45
c 1 -1.8646 -3.24652 0.45
c 0 -0.869005 -0.96026 0.45
c 0 3.09243 1.85575 0.45
c 0 0.808274 1.12783 0.45
c 1 -3.52107 3.08372 0.45
c 1 2.73754 3.41837 0.45
c 0 2.87419 0.975093 0.45
c 1 2.52365 -0.494303 0.45
c 0 -0.172068 -1.35368 0.45
c 1 -0.651245 1.45851 0.45
c 0 -0.1891 3.28497 0.45
c 0 -1.74894 -0.214624 0.45
c 1 1.94362 -2.14653 0.45
c 1 -3.20202 -3.28051 0.45
c 1 -0.521969 1.15729 0.45
c 0 -2.04084 2.91709 0.55
c 0 -2.28054 0.438844 0.55
c 0 0.669122 2.70492 0.55
c 0 1.1843 3.25226 0.55
c 0 0.0422147 -1.43179 0.55
c 0 -3.2263 -1.39804 0.55
c 0 2.50914 1.44088 0.55
c 0 -2.89255 1.5892 0.55
c 1 -1.05536 0.775659 0.55
c 1 -2.56733 -3.0842 0.55
c 1 1.58571 1.91061 0.55
c 0 1.09332 1.16539 0.55
c 0 -0.831478 1.86645 0.55
c 0 -2.0462 -1.70407 0.55
c 1 1.04329 -3.24439 0.55
c 0 -0.161017 -2.14135 0.55
c 0 -0.907979 -2.54969 0.55
c 0 2.69525 1.27045 0.55
c 0 -2.75549 -2.96046 0.55
c 0 2.69824 0.185742 0.55
c 1 -0.118518 0.616878 0.55
c 1 -0.095937 1.03301 0.55
c 0 0.257865 1.58244 0.55
c 0 2.42183 -0.274966 0.55
c 0 -2.95367 1.20967 0.55
c 0 1.97826 -0.343004 0.55
c 0 3.26235 0.0575796 0.55
c 0 2.12673 -0.0965755 0.55
c 0 -1.49978 0.88208 0.55
c 1 -2.42662 -3.24182 0.55
c 0 0.664363 -0.997537 0.55
c 0 2.93702 -0.8188 0.55
c 0 -2.73289 1.13571 0.55
c 0 -2.55202 -0.0262394 0.55
c 0 1.08199 -1.61489 0.55
c 0 2.92017 0.42801 0.55
c 1 -0.0930483 -2.55537 0.55
c 0 -2.94544 2.90654 0.55
c 1 -3.3438 3.34094 0.55
c 0 -1.89751 0.23897 0.55
c 1 1.50341 -2.79746 0.65
c 0 2.78304 -1.41222 0.65
c 0 -3.01743 -2.72899 0.65
c 0 -1.89356 0.401337 0.65
c 0 0.945222 -0.358301 0.65
c 0 0.315635 2.06926 0.65
c 1 -1.20938 -2.98718 0.65
c 0 3.14722 -1.84007 0.65
c 0 1.41429 -1.91821 0.65
c 0 -2.32744 2.67868 0.65
c 0 0.375069 1.71908 0.65
c 0 -1.15289 -2.48438 0.65
c 0 2.78063 -0.535053 0.65
c 0 -1.34699 2.40869 0.65
c 0 3.28969 -0.0241668 0.65
c 0 3.03215 2.03361 0.65
c 1 2.05276 -2.56252 0.65
c 0 0.886612 -1.60606 0.65
c 0 1.02739 -0.679678 0.65
c 1 2.62948 -1.13401 0.65
c 0 -1.01502 -1.54595 0.65
c 1 2.04212 3.07909 0.65
c 1 0.671046 -3.13846 0.65
c 0 -2.68381 1.52397 0.65
c 0 -2.92705 -2.59081 0.65
c 0 3.14492 1.68906 0.65
c 0 -2.33382 1.38635 0.65
c 0 -2.53684 -0.0992467 0.65
c 0 -2.62602 -2.24264 0.65
c 0 -0.164978 2.15447 0.65
c 1 -2.22929 3.15415 0.65
c 1 -0.299123 -0.069035 0.65
c 0 2.82859 -0.63006 0.65
c 0 -2.72445 -1.48914 0.65
c 1 2.60885 -1.82401 0.65
c 0 1.16625 -1.5659 0.65
c 0 0.295699 2.8043 0.65
c 0 -2.62939 1.74891 0.65
c 0 -0.0499292 0.186258 0.65
c 0 -0.0996228 -1.64711 0.65
