p 1 1.47519 1.09635 
p 1 -1.87313 -0.811775 
p 1 1.26056 3.61171 
p 0 1.76196 0.610881 
p 0 -2.48369 -2.38603 
p 1 -1.03436 2.93274 
p 1 -1.46963 2.26996 
p 0 -2.0094 -1.82189 
p 1 -1.37335 1.18314 
p 1 2.00643 1.8612 
p 1 0.289094 -2.66928 
p 0 -0.826891 -1.25787 
p 1 0.0461107 3.02338 
p 1 -0.690021 -2.04796 
p 1 0.857694 3.43382 
p 1 -2.09912 2.85938 
p 1 3.05474 -0.495071 
p 1 -2.00184 3.48624 
p 0 0.77101 0.178825 
p 1 1.75526 1.96701 
p 1 -3.17656 2.77211 
p 1 -1.27882 2.635 
p 1 3.97565 -0.500188 
p 0 -2.68044 -1.36269 
p 1 -3.98286 3.07863 
p 1 -3.67578 2.2653 
p 1 1.32329 -1.14439 
p 1 -3.92725 -2.73206 
p 1 -3.40426 1.66917 
p 1 3.64854 3.99416 
p 0 0.721689 0.838664 
p 1 2.11929 -0.870162 
p 0 -2.64862 0.516818 
p 1 1.11281 3.50363 
p 0 -2.14068 0.807969 
p 1 -0.583879 -2.86595 
p 1 -0.655457 1.97783 
p 1 -0.278591 3.58295 
p 1 -3.12327 -1.5363 
p 1 3.92981 -3.15062 
p 1 1.12176 -2.73256 
p 1 -3.57238 -2.92973 
p 1 -1.61908 3.51113 
p 1 2.92901 3.77969 
p 0 3.60685 0.0179259 
p 1 -2.21251 -2.87897 
p 1 -1.31082 0.706351 
p 1 1.25963 -3.52239 
p 1 -0.758554 0.471772 
p 1 3.01256 2.59356 
p 1 -1.72225 2.83609 
p 1 1.98587 -1.34962 
p 1 0.934742 3.39919 
p 0 1.03454 0.878238 
p 1 0.75461 -3.27789 
p 1 -3.96279 -3.07943 
p 1 1.82465 2.83131 
p 1 -0.674446 -3.50245 
p 1 -1.06488 -2.33861 
p 1 3.62945 -2.43274 
p 1 -1.39739 2.1188 
p 1 2.36083 -3.85098 
p 1 0.270103 0.369542 
p 1 2.46066 3.12697 
p 1 -0.993469 -2.16359 
p 1 -0.413667 1.61909 
p 1 2.64476 2.94322 
p 1 -2.06932 3.50051 
p 0 0.630426 2.56233 
p 1 1.1842 2.4107 
p 1 2.19509 3.3268 
p 1 1.23471 -0.745151 
p 1 2.68396 -2.48249 
p 0 -2.648 -0.38993 
p 0 -2.17807 -2.08138 
p 1 2.08431 -0.90832 
p 1 -2.41806 -2.96481 
p 0 1.06492 0.672816 
p 1 -1.41491 -1.78939 
p 1 -0.435944 -2.57111 
p 1 -1.08844 0.0971204 
p 1 1.49821 1.25103 
p 1 1.0859 3.561 
p 0 1.73093 0.729244 
p 1 2.46655 2.11008 
p 1 -0.990367 -3.02091 
p 0 -2.47211 1.18176 
p 1 0.0644228 -0.0618389 
p 1 0.986572 -3.067 
p 1 3.91896 -1.54567 
p 1 -3.73038 2.64773 
p 1 -0.996196 -3.07697 
p 1 1.43952 -1.90759 
p 1 -3.74389 3.77651 
p 1 -0.819126 -2.81087 
p 0 -2.61864 -2.1718 
p 0 0.513027 -1.16873 
p 1 2.01123 3.51206 
p 1 1.78584 -0.628098 
p 0 0.920996 2.73717 
p 1 3.81724 -1.31128 
p 1 -1.60892 3.44424 
p 1 3.34817 -1.94077 
p 0 -2.49288 0.907973 
p 1 -1.57052 0.804454 
p 1 2.90794 0.665288 
p 1 -0.266002 3.24713 
p 1 -1.74039 2.02578 
p 1 0.12706 0.633998 
p 1 0.506656 1.11678 
p 1 1.70189 3.90503 
p 1 2.77307 -2.77736 
p 1 -1.52433 1.18654 
p 1 1.97098 -0.369178 
p 1 -3.34608 1.53939 
p 0 1.51492 0.86988 
p 1 3.90995 -2.23504 
p 1 1.15858 -3.60875 
p 1 1.70752 -3.73178 
p 1 3.42767 3.0982 
p 0 -0.837619 2.73042 
p 0 0.183304 -1.12991 
p 1 -1.96472 -1.15315 
p 1 0.605396 -2.40951 
p 1 -1.55125 -2.3524 
p 1 3.21201 -3.35258 
p 0 -2.66606 -1.39006 
p 1 1.76083 -1.38914 
p 1 2.11567 -2.54386 
p 0 -2.38402 -1.90266 
p 0 0.31846 -1.74521 
p 1 -3.83249 1.23879 
p 1 -2.07764 2.53995 
p 1 -0.704382 3.41174 
p 1 -0.127625 -2.66668 
p 1 3.65908 -3.10772 
p 1 -3.4448 2.48242 
p 1 2.96394 -1.46817 
p 1 -2.60233 3.28899 
p 1 0.370272 3.47763 
p 1 2.01767 3.47769 
p 1 -2.32425 -3.27001 
p 1 2.49205 2.58313 
p 1 0.423877 -2.78025 
p 1 -0.765448 -2.5525 
p 1 0.023999 -3.73185 
p 1 1.64658 2.73831 
p 1 -3.17541 0.581967 
p 1 -1.85006 0.942438 
p 0 0.0840676 2.1831 
p 1 -0.133103 0.162536 
p 1 1.97325 -2.67404 
p 1 -3.45604 -2.6225 
p 1 -2.1296 3.50993 
p 1 -1.93417 -0.101088 
p 1 -3.14176 2.25644 
p 1 -0.606927 3.06166 
p 1 2.83867 1.63497 
p 1 0.304976 -0.344947 
p 1 1.10662 -2.03691 
p 1 0.335464 -2.32786 
p 1 2.02707 -0.960578 
p 0 -2.91154 0.165668 
p 1 -1.56053 0.660637 
p 1 -0.362925 1.81693 
p 0 -2.93554 -0.917627 
p 1 -1.12679 -1.76043 
p 0 -2.66531 -1.80436 
p 1 3.99143 -2.38744 
p 0 0.234153 -1.99677 
p 1 -3.95281 -0.702579 
p 1 -2.88717 3.41672 
p 1 -1.91683 -2.55484 
p 1 0.346448 0.948634 
p 0 -2.89344 -0.18425 
p 1 -3.14079 -0.0632608 
p 1 -0.255336 -0.80652 
p 0 1.157 0.897465 
p 1 -3.12 -2.6942 
p 1 -0.234712 0.186808 
p 1 -3.94724 0.461894 
p 1 -2.02407 2.71763 
p 0 -2.2139 0.257789 
p 1 -2.01602 3.58774 
p 1 -3.33107 1.6005 
p 1 2.78184 -0.608042 
p 1 2.16193 -3.30795 
p 1 -1.22921 -3.18451 
p 1 3.03538 -2.02435 
p 1 -3.70301 -3.80714 
p 1 2.64052 0.728562 
p 1 -3.08149 3.52566 
p 1 -0.979712 -2.60767 
p 1 -0.0527566 -0.71961 
p 1 1.43444 2.98514 
p 1 -1.9266 1.13488 
p 1 -3.49651 -2.62745 
p 1 -2.91039 -3.27972 
p 1 -3.1403 1.26705 
p 1 0.2973 -3.03116 
p 1 0.894153 3.56395 
p 0 0.960199 2.62599 
p 0 -2.79727 0.865691 
p 1 -1.48679 -0.9501 
p 1 1.2724 1.63759 
p 1 -1.94371 3.37049 
p 0 -2.10809 -1.15487 
p 1 3.20882 -3.77878 
p 1 0.826758 3.00829 
p 1 0.430101 3.99941 
p 1 -3.34609 -3.07004 
p 0 -2.61764 1.78887 
p 1 -3.58284 -0.959927 
p 1 -0.660752 -3.94314 
p 0 1.77304 0.668089 
p 1 -1.73367 0.531158 
p 1 -0.426577 -2.70197 
p 1 -1.63877 0.379818 
p 1 -3.91854 1.16422 
p 1 3.07063 3.6405 
p 1 -3.97935 -2.42369 
p 1 2.34651 -1.96458 
p 1 0.385754 -2.9933 
p 1 -3.04718 -3.45815 
p 1 -1.59182 -1.52287 
p 1 -2.96097 3.24021 
p 1 3.11029 0.281147 
p 0 -2.15397 1.21529 
p 0 -2.52786 0.823853 
p 1 2.77881 -1.92389 
p 1 -1.41291 2.98369 
p 1 -0.771995 -0.298484 
p 1 1.62111 2.6559 
p 1 2.01005 -2.83339 
p 1 -1.54165 -1.48248 
p 0 0.782298 0.808919 
p 1 3.94029 -0.143586 
p 1 -1.33615 0.498637 
p 0 -0.671408 2.42144 
p 1 -1.6133 -0.321795 
p 1 2.76243 0.969974 
p 1 -2.33446 3.84754 
p 1 2.72407 2.37916 
p 0 0.413736 2.19167 
p 1 -3.63937 2.80095 
p 1 0.0765484 -0.346058 
p 1 -1.74781 -1.20566 
p 0 0.871555 2.15777 
p 1 -3.25135 1.77963 
p 1 -1.09316 2.76172 
p 1 -0.262035 -3.74898 
p 1 1.0303 -3.45967 
p 1 2.17863 1.79611 
p 0 3.36818 0.05591 
p 0 -2.44307 1.45146 
p 1 1.54215 -1.91871 
p 1 -3.26994 2.47713 
p 1 3.03443 1.35217 
p 1 -0.0903862 0.319152 
p 1 1.90177 -3.93607 
p 1 -2.90751 2.76214 
p 1 -2.71106 -2.67396 
p 1 -2.54598 -2.60287 
p 1 -0.073784 0.475539 
p 1 -0.8173 -3.0538 
p 1 0.881949 -3.35623 
p 1 1.28877 1.58525 
p 1 -0.532909 -0.256301 
p 1 2.04173 2.02396 
p 1 -3.04469 2.74981 
p 1 3.58279 3.22681 
p 1 -1.18348 -0.712135 
p 1 -1.12288 -0.964404 
p 1 -1.56346 -0.957233 
p 1 -0.249171 0.276424 
p 1 -1.88334 -1.46485 
p 1 2.39282 -0.87059 
p 1 3.31275 1.55342 
p 0 -2.86738 -1.37845 
p 1 -3.66957 -2.14822 
p 0 1.12294 0.344022 
p 1 0.206627 0.0766749 
p 1 -1.65958 2.82447 
p 0 3.74327 1.14472 
p 1 -0.101932 -3.88975 
p 0 3.59638 0.495043 
p 1 -1.32871 2.73171 
p 0 1.79096 0.7431 
p 1 2.44403 3.82576 
p 1 3.67565 -2.31603 
p 0 0.803992 0.139862 
p 0 -0.724194 -1.17864 
p 1 -3.98374 -3.87291 
p 1 3.24352 -3.27232 
p 1 -2.29243 2.6491 
p 1 -3.43418 2.93987 
p 1 -3.92893 3.22207 
p 1 -3.83336 -2.31063 
p 1 1.60166 -2.70651 
p 1 -3.13625 0.88979 
p 1 3.28308 -3.53329 
p 1 -2.16419 -3.21241 
p 1 -3.02482 -2.30043 
p 0 -2.95917 -1.98196 
p 1 2.99126 1.25931 
p 1 -0.423117 1.59037 
p 1 -1.99299 -3.26381 
p 0 -2.10566 2.41513 
p 1 0.708928 -0.990733 
p 1 2.64931 -3.30429 
p 1 3.12172 2.74503 
p 0 -2.58971 2.18303 
p 1 -0.267813 0.561302 
p 1 1.48962 -0.597718 
p 0 -2.48804 -1.9165 
p 0 -2.05213 -2.3462 
p 1 -1.32618 -3.05487 
p 0 -2.43078 -2.40136 
p 1 3.01124 -2.57408 
p 1 1.87254 -1.9335 
p 0 -2.94687 -2.05419 
p 1 1.29336 -0.492796 
p 1 3.86363 2.53632 
p 1 -0.666924 3.47589 
p 1 -2.24867 -3.91231 
p 1 0.188113 0.477828 
p 1 3.08347 1.29639 
p 1 2.49759 2.89994 
p 0 -0.106884 -1.26167 
p 1 -0.309918 -0.950696 
p 1 3.95204 0.771997 
p 1 0.84882 3.49096 
p 1 -2.50145 -3.00514 
p 1 0.246862 -2.10515 
p 1 0.901192 -0.994979 
p 0 0.603518 0.432584 
p 0 0.83598 -1.27606 
p 1 2.7436 1.57911 
p 1 -2.98734 2.9932 
p 1 2.63792 2.72974 
p 1 2.92148 1.034 
p 1 1.77481 -0.438027 
p 1 -0.00104836 1.66378 
p 1 -1.48253 2.80815 
p 1 0.505685 1.42638 
p 1 -0.927703 -3.4581 
p 1 -3.34406 3.0614 
p 0 -2.26691 -0.223519 
p 1 1.15367 1.33135 
p 1 -3.13262 3.88908 
p 1 1.89002 1.31569 
p 0 -2.41373 0.0710536 
p 1 -3.89397 3.47144 
p 0 0.660328 -1.02088 
p 1 -1.39533 -2.11104 
p 1 -3.06316 -3.93935 
p 1 -1.86672 -0.542103 
p 1 -3.22058 0.461423 
p 0 -2.7332 -0.64444 
p 1 2.45129 1.00325 
p 1 -0.629141 -2.15484 
p 1 -1.40155 0.261844 
p 1 2.97677 2.18937 
p 1 0.906393 -0.750918 
p 1 1.46488 -0.754482 
p 1 1.80997 -3.91496 
p 1 -1.86143 -2.77841 
p 1 3.99054 1.13008 
p 1 -3.20521 2.65817 
p 1 0.845662 -3.41445 
p 1 2.36219 -2.42439 
p 1 -3.08759 -3.7984 
p 0 -0.61691 -1.48497 
p 0 2.04014 0.722546 
p 1 -3.23902 2.58843 
p 1 1.65077 2.37981 
p 1 -2.26739 -3.68089 
p 1 3.56037 -3.80007 
p 1 -3.08009 -1.19974 
p 0 -2.88833 2.41736 
p 1 -3.74932 1.99483 
p 1 1.769 3.68455 
p 1 3.0526 -1.98901 
p 1 -1.62429 -0.581101 
p 1 3.96527 -1.44156 
p 1 0.351727 -0.511078 
p 1 -1.19391 -2.79212 
p 1 1.83943 3.07614 
p 0 3.44055 -0.740474 
p 0 -2.4424 -1.82891 
p 1 0.0728268 3.27096 
p 0 -2.9575 0.711572 
p 1 2.42876 3.69485 
p 1 1.93521 2.84676 
p 1 0.0403525 -3.42087 
p 1 2.70603 -0.231999 
p 1 1.32488 -1.02641 
p 1 -1.09972 1.83238 
p 0 -2.76323 1.60967 
p 0 -0.682338 -1.69959 
p 1 -3.27679 0.119211 
p 1 -1.07906 2.63587 
p 1 0.431716 3.57717 
p 1 -3.49671 3.52117 
p 1 -1.58682 -0.595228 
p 1 0.701815 -0.748662 
p 0 -2.35617 -1.65564 
p 0 3.50891 -1.11617 
p 1 -2.50444 -3.51104 
p 0 -2.32347 -0.0337466 
p 1 -3.07437 0.151157 
p 1 -1.6065 -1.09056 
p 1 -1.46436 1.71552 
p 0 0.985827 0.260047 
p 1 3.04876 -2.52284 
p 1 -1.78449 0.20511 
p 1 2.54969 0.720234 
p 0 -2.47844 -1.17781 
p 1 -0.491987 -2.68945 
p 0 0.921497 0.665557 
p 1 -0.700887 3.1344 
p 1 2.69618 0.923143 
p 1 2.98814 -1.0354 
p 1 3.15843 -0.71927 
p 0 -2.91704 0.01794 
p 1 3.28498 0.579677 
p 1 -1.15888 0.702356 
p 1 1.33097 -3.11254 
p 1 -0.619485 -3.17381 
p 1 3.1997 -0.753788 
p 1 -1.66837 -0.492556 
p 1 3.23563 0.853041 
p 1 1.62435 -0.950363 
p 1 0.300232 -3.10415 
p 1 -1.52585 1.48999 
p 1 -0.978386 -3.60853 
p 0 -2.15639 0.453731 
p 1 2.95775 0.218862 
p 0 0.948538 -1.47376 
p 0 -2.45913 -1.9931 
p 0 -2.8991 -0.478823 
p 1 -1.72019 2.94467 
p 1 3.52067 -2.87693 
p 1 -3.4296 2.75312 
p 1 -2.41948 -3.99223 
p 1 -3.78954 2.40383 
p 1 -1.46855 2.90883 
p 1 -3.83514 -2.08314 
p 1 -3.47089 1.58678 
p 1 0.0927851 -2.36945 
p 1 -1.29855 -0.275462 
p 0 -0.808209 -1.13837 
p 1 -3.57566 3.73235 
p 1 -1.87151 -3.72078 
p 0 -0.841872 -1.12919 
p 1 -3.24721 -1.48572 
p 1 -1.20788 3.99635 
p 1 2.14332 2.56614 
p 0 1.8102 0.835641 
p 1 -0.0198605 -3.96683 
p 0 -2.57494 -1.25123 
p 1 2.02198 -0.43861 
p 0 -0.835158 2.8186 
p 1 0.508755 -3.196 
p 1 1.47939 -0.0372723 
p 1 -0.473854 0.560358 
p 1 1.849 -0.713564 
p 1 -3.04316 2.85828 
p 1 -0.876618 -3.3418 
p 1 1.97618 -0.899323 
p 1 -0.708703 0.459979 
p 1 3.72142 3.719 
p 1 1.7568 -3.32987 
p 1 -2.19005 -3.21844 
p 1 1.39661 3.81855 
p 1 1.20076 -1.09552 
p 1 2.7058 -2.13087 
p 1 -1.44974 -3.80386 
p 1 -0.349557 3.79641 
p 1 1.78537 1.96702 
p 1 2.38223 -1.2493 
p 1 -0.333577 -2.40632 
p 1 -1.0549 2.18799 
p 1 -0.734609 -3.48207 
p 1 1.6167 -1.91676 
p 1 3.19593 -2.99735 
p 1 -3.13452 -1.34398 
p 1 -1.63031 3.43999 
p 1 -1.03986 0.388404 
p 0 -0.99595 -1.6279 
p 1 -0.156988 -2.35922 
p 1 -0.0248354 -3.27267 
p 1 2.4632 -1.39876 
p 1 2.40134 -1.69251 
p 1 0.602053 -3.47569 
p 1 -3.27189 -3.68593 
p 1 -1.56171 3.1518 
p 1 0.00689195 -0.16363 
p 1 1.19883 2.2591 
p 0 0.0161183 2.90228 
p 1 2.60278 3.97934 
p 0 3.52637 1.3917 
p 1 -3.00753 -1.617 
p 1 0.288734 -0.501271 
p 1 -1.4998 -2.20628 
p 1 2.80262 0.317947 
p 1 1.93005 -0.110814 
p 1 3.09048 0.615754 
p 1 2.44422 -1.62763 
p 0 3.70679 -0.8662 
p 1 2.37066 -3.41778 
p 1 -3.25165 1.65393 
p 1 3.54526 -3.24965 
p 0 3.80295 0.1566 
p 1 2.64398 0.556587 
p 0 0.213148 2.96372 
p 1 3.05135 -1.03636 
p 1 -3.87433 -1.69095 
p 1 -3.98706 -1.24708 
p 1 0.131845 -2.59532 
p 1 2.12265 3.24782 
p 1 3.80033 -1.38651 
p 1 0.681708 -0.0714027 
p 1 -3.46053 -3.31727 
p 1 2.54732 3.80184 
p 1 0.363498 1.8106 
p 0 3.61832 -1.21511 
p 1 -0.732464 -2.695 
p 1 1.87456 1.50773 
p 1 -3.73501 -1.93871 
p 1 -1.39977 -1.68508 
p 1 -2.95035 2.78373 
p 1 -1.13376 1.31745 
p 1 -3.57846 2.50936 
p 1 3.30375 -2.99199 
p 1 -0.93915 1.00922 
p 1 1.03362 -3.44839 
p 1 -3.15889 -1.20428 
p 1 2.80761 -0.211555 
p 1 0.896705 -2.58884 
p 1 -3.11252 -3.47187 
p 1 3.21904 -2.66548 
p 1 0.173326 3.69389 
p 1 3.76628 -2.63179 
p 1 2.52379 -1.0088 
p 0 -2.51219 0.994061 
p 0 -2.59989 -1.63718 
p 0 0.166753 -1.72508 
p 1 -3.00624 -2.55228 
p 0 0.638865 0.0266738 
p 1 3.04936 3.79542 
p 1 0.493156 -3.7455 
p 1 -3.44923 -2.31184 
p 1 2.92235 -1.32021 
p 1 -3.90499 -2.43019 
p 1 1.10971 -1.75964 
p 0 -0.821356 -1.26872 
p 1 2.44547 1.51278 
p 1 0.510041 -3.66677 
p 1 3.25015 -0.583977 
p 1 -1.9585 -2.94165 
p 0 -2.2269 -2.0873 
p 0 0.873856 -1.6705 
p 1 3.87474 -2.40912 
p 1 -3.84791 -1.09344 
p 1 1.54727 2.50849 
p 1 1.90617 -2.67508 
p 1 -3.45515 -3.83351 
p 0 2.30909 0.43758 
p 1 -0.0378664 1.86649 
p 1 3.34987 -1.7802 
p 0 1.33636 0.511486 
p 1 1.64802 3.8383 
p 1 -1.07967 2.38512 
p 1 -0.918698 -3.04943 
p 1 3.28388 -3.30204 
p 1 0.278485 0.804122 
p 0 0.747388 -1.46928 
p 1 -3.28042 2.29468 
p 1 1.37366 -0.272094 
p 1 1.47706 -1.61559 
p 0 -0.669831 2.00886 
p 1 -3.5343 -1.07854 
p 0 -0.172271 2.43072 
p 0 -0.174871 -1.41312 
p 0 0.563978 2.05918 
p 1 3.60472 -1.90365 
p 1 -1.43615 -3.63553 
p 1 -3.77385 -1.82659 
p 1 -1.54006 -0.220203 
p 1 1.04898 -0.127426 
p 1 -0.927392 0.790913 
p 1 0.861069 3.0469 
p 1 -3.43628 0.863114 
p 1 -0.463111 3.98009 
p 1 -2.15824 -3.10306 
p 1 3.22228 3.64155 
p 1 3.36147 -2.19105 
p 0 3.46605 1.44687 
p 1 3.09767 -1.62586 
p 0 -2.77358 -1.64462 
p 0 0.967181 0.860146 
p 1 3.91715 0.492144 
p 0 -2.88093 1.5399 
p 0 1.08263 0.781598 
p 1 -2.9141 3.10782 
p 1 -0.0722062 -2.20122 
p 1 2.68415 2.21644 
p 1 2.94597 1.43786 
p 1 -3.06068 -3.08198 
p 1 0.632809 -0.761797 
p 1 -3.77224 0.306158 
p 0 0.910709 2.15136 
p 1 2.92007 3.60453 
p 1 2.84491 -2.84244 
p 1 -0.106446 -2.60156 
p 1 1.56845 -0.778127 
p 0 -0.746333 2.91251 
p 1 1.21091 1.3754 
p 0 1.21543 0.546992 
p 1 0.00335007 0.181669 
p 0 -2.64422 1.01235 
p 1 3.08664 -0.876243 
p 1 0.684817 -2.93567 
p 0 1.17491 0.925675 
p 0 -2.2683 -0.026087 
p 0 -0.882151 2.80846 
p 1 -2.90632 2.83044 
p 0 -2.78367 -0.706434 
p 0 1.40987 0.939213 
p 0 -0.614038 2.36953 
p 1 -1.82647 -0.492654 
p 1 1.65188 -1.42175 
p 1 3.60131 -1.62908 
p 1 -0.686807 -3.72105 
p 0 0.172473 -1.79109 
p 1 1.2023 -2.96319 
p 1 -0.889337 -0.625028 
p 1 -0.841433 -0.730552 
p 1 3.86878 -1.4231 
p 1 -1.07109 0.128616 
p 1 -3.79184 3.25459 
p 1 3.34526 1.87791 
p 1 -1.3258 1.15289 
p 0 -2.54548 -0.946289 
p 1 -3.80217 2.2125 
p 1 -0.510501 -3.97212 
p 1 -1.39388 3.48105 
p 1 2.53172 -2.2712 
p 0 -2.5817 1.45242 
p 1 2.21462 -1.06484 
p 1 1.34591 1.31965 
p 1 3.28256 -0.709593 
p 0 -0.683481 -1.96896 
p 1 -2.29683 -3.95576 
p 1 -2.98003 3.38928 
p 1 -1.67923 -3.78231 
p 1 2.26632 1.78964 
p 1 1.46996 2.47239 
p 0 2.03588 0.707648 
p 1 -3.53322 -0.867165 
p 1 -1.48609 -0.275024 
p 0 -0.718894 -1.28235 
p 1 -3.58587 3.09816 
p 0 3.75005 -1.06074 
p 1 -3.46478 -2.52888 
p 1 1.7044 2.87326 
p 0 1.12939 0.885675 
p 0 0.0217704 -1.32225 
p 0 -2.28516 1.91835 
p 1 3.86523 0.731042 
p 1 -3.66862 -3.96654 
p 1 -1.49565 -1.89229 
p 1 -3.2356 -1.06769 
p 1 -3.64315 -1.27542 
p 1 3.1692 -2.64338 
p 1 -2.76806 3.63427 
p 1 1.4079 -2.78384 
p 1 -3.07086 -0.287664 
p 0 -0.581167 -1.75679 
p 1 -3.29533 3.61625 
p 1 -1.83403 -3.77069 
p 1 1.80949 2.30795 
p 1 -3.73167 2.91206 
p 1 1.12039 -2.93899 
p 0 -2.12873 2.07429 
p 1 3.04773 -2.26732 
p 1 0.538414 3.46783 
p 1 0.295721 3.4482 
p 1 -2.02917 3.0629 
p 0 3.77927 1.85671 
p 1 2.58321 1.88689 
p 1 -0.595629 3.79263 
p 0 -2.15043 0.109602 
p 1 -2.44616 -3.01132 
p 1 -3.04956 0.0256406 
p 1 3.33696 -3.49542 
p 0 3.54235 1.1086 
p 1 0.0850936 0.316446 
p 1 3.85562 -1.25769 
p 1 -0.307397 -0.659883 
p 1 -0.781233 -0.665134 
p 0 3.47049 2.40325 
p 1 2.95847 -2.98632 
p 1 -3.62608 0.634966 
p 0 -2.35519 1.04954 
p 1 1.29233 -1.70873 
p 1 1.99885 2.34411 
p 1 -1.07426 -2.93393 
p 1 -3.88721 0.836534 
p 0 -2.56004 1.40514 
p 1 3.42632 -2.68797 
p 0 -0.76976 2.62368 
p 1 0.0629309 1.18173 
p 1 -0.569884 -0.181151 
p 1 2.13576 -1.9154 
p 1 -0.24311 -0.138069 
p 0 0.482316 -1.11626 
p 0 3.62005 2.18311 
p 1 -0.657159 -0.650972 
p 1 2.96371 1.00311 
p 1 2.75888 -1.3753 
p 1 -0.318753 1.17146 
p 1 -3.23185 -2.14029 
p 0 1.64717 0.994593 
p 1 0.424504 -3.48084 
p 0 0.906561 2.48821 
p 1 -1.99902 -1.88278 
p 1 -0.477708 1.5066 
p 0 -0.84611 -1.12981 
p 1 -0.436724 0.621245 
p 1 3.88546 1.63893 
p 0 -0.0664001 -1.24715 
p 1 2.80295 -2.35575 
p 1 -3.50782 1.55862 
p 1 2.10333 2.11472 
p 1 -1.38643 -3.01011 
p 1 -3.33521 2.10874 
p 1 3.26947 -2.85747 
p 1 -1.74406 -1.07857 
p 1 1.54493 1.18796 
p 1 -3.90912 3.91682 
p 1 -0.784986 1.02299 
p 1 3.95091 1.00875 
p 1 -1.28069 2.80621 
p 1 1.78094 -0.641421 
p 1 2.26576 2.13957 
p 0 -0.847285 2.06508 
p 1 -3.97763 3.72823 
p 0 1.5913 0.6536 
p 1 2.64268 2.05354 
p 1 0.172201 0.226905 
p 1 -2.0087 2.7568 
p 1 -1.09414 -2.9555 
p 1 1.92282 3.02471 
p 1 2.98631 3.29803 
p 1 -1.38386 -3.68906 
p 1 3.0704 0.710826 
p 0 3.68838 0.835751 
p 1 3.05893 1.46948 
p 1 3.00858 1.49824 
p 1 1.94659 2.42196 
p 1 -3.40418 -1.15917 
p 1 0.887458 1.64032 
p 1 -1.57579 2.44433 
p 1 -0.945287 1.58751 
p 1 1.40497 -3.1066 
p 1 -1.45618 -3.09701 
p 1 0.58613 -0.247707 
p 1 3.44962 3.42689 
p 1 -3.08505 1.88845 
p 1 -0.927818 -2.67334 
p 1 -1.15382 -3.30974 
p 1 0.756426 1.92095 
p 1 -0.169429 -0.658153 
p 0 -2.54967 -2.12405 
p 1 3.7035 2.63797 
p 1 0.190837 3.92194 
p 1 2.93378 1.003 
p 0 -2.1384 1.30985 
p 0 3.82051 0.914366 
p 1 -1.26534 1.9514 
p 1 -1.16697 -2.76389 
p 1 0.821173 -0.647078 
p 1 2.18633 -1.10056 
p 1 3.60305 3.21349 
p 1 0.758286 -2.95936 
p 0 1.20033 0.853738 
p 1 -0.278875 0.557416 
p 1 1.39651 -1.1245 
p 1 -0.352718 0.850187 
p 1 -1.63778 -2.83556 
p 1 -0.164202 -3.64139 
p 1 1.51192 1.28066 
p 1 1.94562 -2.18066 
p 1 3.23747 -3.81912 
p 1 -1.36407 -2.60307 
p 0 3.3641 0.262431 
p 0 -0.49638 -1.547 
p 1 2.33109 2.02204 
p 1 -2.90383 2.72747 
p 1 1.77753 -1.67724 
p 0 3.74555 0.446513 
p 1 1.75798 -0.0950819 
p 1 -0.47316 0.023284 
p 0 -2.51051 -2.04186 
p 1 0.95445 -3.36875 
p 1 -1.85552 3.92938 
p 1 3.03914 -1.19756 
p 1 -1.04624 -3.90939 
p 1 -0.211145 3.37974 
p 1 -1.00841 3.87125 
p 1 1.88979 3.3319 
p 1 3.35972 -1.31383 
p 1 1.96724 -1.18026 
p 1 -3.75618 2.34907 
p 1 -3.86744 3.48057 
p 0 -0.563136 2.47299 
p 1 -3.65469 1.23896 
p 1 1.23648 -3.8253 
p 1 1.65524 -3.47591 
p 0 3.68774 -0.686092 
p 1 -1.01044 3.80754 
p 0 2.2018 0.721122 
p 1 1.03705 -1.978 
p 1 -3.50108 2.07254 
p 1 0.870839 3.3875 
p 1 1.56696 -2.87523 
p 1 0.455704 0.463137 
p 1 3.98876 -2.73883 
p 1 3.97844 -1.16446 
p 1 -1.73551 3.03936 
p 1 1.69489 -1.87016 
p 0 -0.386522 -1.88288 
p 1 -1.89917 3.0966 
p 1 2.53832 3.38256 
p 1 -1.35145 2.17156 
p 1 -0.315651 -3.76987 
p 1 0.0748425 3.66397 
p 1 0.310859 -0.390153 
p 1 -1.66561 3.07807 
p 0 -0.537348 2.33235 
p 0 -2.66216 1.27365 
p 1 1.25911 -2.09936 
p 0 -2.14506 -1.51264 
p 1 1.11299 -3.25702 
p 1 0.358598 -3.25383 
p 1 -1.1348 -2.52188 
p 1 -1.43955 1.51374 
p 0 0.820597 -1.77524 
p 1 -2.30654 -2.84939 
p 1 -0.319622 0.795033 
p 1 3.87704 1.53352 
p 1 3.20844 -0.939514 
p 0 -2.26897 -0.659068 
p 1 -3.94544 2.26221 
p 0 3.77636 1.24657 
p 0 0.475507 2.58347 
p 1 -0.653995 -2.87936 
p 1 2.41997 -3.78126 
p 1 3.30528 1.6854 
p 1 2.03222 -0.61946 
p 1 -0.252079 -2.49748 
p 1 2.56239 2.11513 
p 1 -1.96514 -3.98565 
p 0 3.48062 1.38589 
p 0 3.52612 0.671396 
p 0 -0.0473657 -1.88448 
p 1 1.09569 -3.4998 
p 0 -0.457974 -1.60733 
p 1 3.00306 1.10613 
p 1 1.8445 -3.49916 
p 0 3.60473 1.89701 
p 1 1.05952 2.05503 
p 1 3.93926 -1.04265 
p 1 -0.114328 1.01645 
p 1 0.00861218 1.48303 
p 1 2.71646 0.637773 
p 0 -2.29422 0.470749 
p 1 1.70173 -2.47015 
p 1 3.9484 2.66532 
p 0 -2.35327 0.874116 
p 1 -0.77521 -2.04804 
p 0 3.83515 -0.186634 
p 1 3.32647 2.60214 
p 0 0.943389 0.480726 
p 1 2.28315 -2.28029 
p 0 -2.59922 -1.18812 
p 1 -3.64355 3.11679 
p 1 -2.16766 3.92172 
p 0 3.70037 -1.13229 
p 1 -2.17856 -2.76314 
p 0 -2.2999 2.33487 
p 1 1.25584 -0.562432 
p 1 2.31847 3.47433 
p 1 2.98472 -0.999807 
p 1 3.579 2.80341 
p 1 3.10713 1.9515 
p 1 -1.41366 -2.04568 
p 1 -0.696462 0.991413 
p 0 1.4658 0.643788 
p 1 1.28453 -3.16104 
p 0 0.0205851 -1.24349 
p 1 -2.14675 -2.84683 
p 1 2.18567 1.3782 
p 1 -1.47073 3.76935 
p 1 3.78123 3.75903 
p 0 -0.755205 2.43016 
p 0 -2.02221 -2.22251 
p 1 -0.852452 3.92456 
p 0 -0.135887 2.97371 
p 1 3.89925 1.57579 
p 0 0.29626 2.58878 
p 1 -3.9022 -0.548999 
p 0 0.882043 -1.29169 
p 1 -1.87055 -3.16448 
p 1 -0.237798 3.12575 
p 1 -3.71289 2.67827 
p 1 -3.33975 2.18692 
p 1 2.12991 -3.09198 
p 1 -1.0813 -3.82075 
p 0 -2.92508 0.695396 
p 0 -2.75559 -0.974587 
p 1 -0.890411 1.05142 
p 0 -2.18043 1.76735 
p 1 1.9858 -3.16179 
p 1 -0.102231 -0.742998 
p 1 3.48781 -3.77989 
p 1 -1.74471 0.336979 
p 1 2.82968 3.33658 
p 1 -0.823313 1.44215 
p 1 2.93343 -2.60203 
p 1 2.59149 -1.46497 
p 1 1.54894 2.22765 
p 1 -2.62394 3.36908 
p 0 0.682682 0.267416 
p 1 -1.72831 1.24633 
p 1 1.56632 2.18832 
p 1 2.04047 1.45342 
p 1 -1.43835 -0.217378 
p 0 -2.51483 0.200883 
p 1 -3.36641 2.51814 
p 0 -2.73185 -0.577643 
p 1 -1.70225 -0.659424 
p 1 3.24404 1.69591 
p 1 -3.76445 -3.3489 
p 1 -1.51517 -2.68469 
p 0 3.43796 1.45712 
p 1 3.15231 -1.84072 
p 0 0.228642 2.26927 
p 1 -3.20481 -3.84837 
p 1 -3.87406 -2.0909 
p 0 3.76954 1.33049 
p 0 3.65019 -0.579669 
p 1 -0.606517 3.99646 
p 1 -0.0876035 1.2897 
p 1 2.22712 1.71768 
p 1 -1.24219 -1.35323 
p 1 2.83904 -1.314 
p 1 -2.98953 -3.49156 
p 0 1.72686 0.0436152 
p 1 3.10366 3.97573 
p 1 -3.05085 -2.24287 
p 1 1.56834 1.06024 
p 1 0.701275 -0.983703 
p 1 2.06074 -2.94174 
p 1 1.66206 -2.76949 
p 1 2.35964 -0.607901 
p 0 3.63908 0.463538 
p 1 -3.64539 0.437362 
p 1 2.0447 3.22938 
p 1 -2.15605 -3.93331 
p 1 2.6099 -2.44627 
p 0 -2.20704 0.12897 
p 0 -2.84119 2.19009 
p 1 -1.54933 2.61669 
p 1 -1.27342 -1.9201 
p 1 0.0937012 1.42143 
p 1 2.99915 2.66591 
p 1 -3.68753 -1.2673 
p 1 -0.491869 0.626041 
p 1 2.48766 1.88383 
p 0 2.43052 0.772998 
p 0 -0.672951 2.51842 
p 0 -0.929419 2.29328 
p 0 0.69574 -1.19964 
p 1 0.256353 1.0249 
p 1 1.12781 3.20237 
p 1 -0.247025 0.18564 
p 1 -0.86051 1.6022 
p 1 -0.823959 -3.11103 
p 1 2.53703 0.814974 
p 1 -1.1452 -3.79903 
p 1 0.000436489 -3.72606 
p 1 -0.0360422 -3.42282 
p 0 -0.934117 2.66079 
p 1 -1.64047 -0.915448 
p 1 3.04201 -0.503898 
p 1 -1.75814 1.35767 
p 1 -3.47 0.244313 
