s 0 -0.3 1.8 0.785398 0.4
s 0 -0.28 1.78 0.785398 0.4
s 0 -0.26 1.76 0.785398 0.4
s 0 -0.24 1.74 0.785398 0.4
s 0 -0.22 1.72 0.785398 0.4
s 1 -0.2 1.7 0.785398 0.4
s 1 -0.18 1.68 0.785398 0.4
s 1 -0.16 1.66 0.785398 0.4
s 1 -0.14 1.64 0.785398 0.4
s 1 -0.12 1.62 0.785398 0.4
s 1 -0.1 1.6 0.785398 0.4
s 1 -0.08 1.58 0.785398 0.4
s 1 -0.06 1.56 0.785398 0.4
s 1 -0.04 1.54 0.785398 0.4
s 1 -0.02 1.52 0.785398 0.4
s 1 2.22045e-16 1.5 0.785398 0.4
s 1 0.02 1.48 0.785398 0.4
s 1 0.04 1.46 0.785398 0.4
s 1 0.06 1.44 0.785398 0.4
s 1 0.08 1.42 0.785398 0.4
s 1 0.1 1.4 0.785398 0.4
s 1 0.12 1.38 0.785398 0.4
s 1 0.14 1.36 0.785398 0.4
s 1 0.16 1.34 0.785398 0.4
s 1 0.18 1.32 0.785398 0.4
s 1 0.2 1.3 0.785398 0.4
s 1 0.22 1.28 0.785398 0.4
s 1 0.24 1.26 0.785398 0.4
s 1 0.26 1.24 0.785398 0.4
s 1 0.28 1.22 0.785398 0.4
s 1 0.3 1.2 0.785398 0.4
s 1 0.32 1.18 0.785398 0.4
s 1 0.34 1.16 0.785398 0.4
s 0 0.36 1.14 0.785398 0.4
s 0 0.38 1.12 0.785398 0.4
s 0 -0.405 1.895 0 0.4
s 0 -0.385 1.875 0 0.4
s 0 -0.365 1.855 0 0.4
s 0 -0.345 1.835 0 0.4
s 0 -0.325 1.815 0 0.4
s 1 -0.305 1.795 0 0.4
s 1 -0.285 1.775 0 0.4
s 1 -0.265 1.755 0 0.4
s 1 -0.245 1.735 0 0.4
s 1 -0.225 1.715 0 0.4
s 1 -0.205 1.695 0 0.4
s 1 -0.185 1.675 0 0.4
s 1 -0.165 1.655 0 0.4
s 1 -0.145 1.635 0 0.4
s 1 -0.125 1.615 0 0.4
s 1 -0.105 1.595 0 0.4
s 1 -0.085 1.575 0 0.4
s 1 -0.065 1.555 0 0.4
s 1 -0.045 1.535 0 0.4
s 1 -0.025 1.515 0 0.4
s 1 -0.005 1.495 0 0.4
s 1 0.015 1.475 0 0.4
s 1 0.035 1.455 0 0.4
s 1 0.055 1.435 0 0.4
s 1 0.075 1.415 0 0.4
s 1 0.095 1.395 0 0.4
s 1 0.115 1.375 0 0.4
s 1 0.135 1.355 0 0.4
s 1 0.155 1.335 0 0.4
s 1 0.175 1.315 0 0.4
s 1 0.195 1.295 0 0.4
s 1 0.215 1.275 0 0.4
s 1 0.235 1.255 0 0.4
s 1 0.255 1.235 0 0.4
s 1 0.275 1.215 0 0.4
s 1 0.295 1.195 0 0.4
s 0 0.315 1.175 0 0.4
s 0 0.335 1.155 0 0.4
s 0 0.355 1.135 0 0.4
s 0 0.375 1.115 0 0.4
s 0 -1.805 0.495 0.785398 0.4
s 0 -1.785 0.495 0.785398 0.4
s 0 -1.765 0.495 0.785398 0.4
s 0 -1.745 0.495 0.785398 0.4
s 0 -1.725 0.495 0.785398 0.4
s 1 -1.705 0.495 0.785398 0.4
s 1 -1.685 0.495 0.785398 0.4
s 1 -1.665 0.495 0.785398 0.4
s 1 -1.645 0.495 0.785398 0.4
s 1 -1.625 0.495 0.785398 0.4
s 1 -1.605 0.495 0.785398 0.4
s 1 -1.585 0.495 0.785398 0.4
s 1 -1.565 0.495 0.785398 0.4
s 1 -1.545 0.495 0.785398 0.4
s 1 -1.525 0.495 0.785398 0.4
s 1 -1.505 0.495 0.785398 0.4
s 1 -1.485 0.495 0.785398 0.4
s 1 -1.465 0.495 0.785398 0.4
s 1 -1.445 0.495 0.785398 0.4
s 1 -1.425 0.495 0.785398 0.4
s 1 -1.405 0.495 0.785398 0.4
s 1 -1.385 0.495 0.785398 0.4
s 1 -1.365 0.495 0.785398 0.4
s 1 -1.345 0.495 0.785398 0.4
s 1 -1.325 0.495 0.785398 0.4
s 1 -1.305 0.495 0.785398 0.4
s 1 -1.285 0.495 0.785398 0.4
s 1 -1.265 0.495 0.785398 0.4
s 1 -1.245 0.495 0.785398 0.4
s 1 -1.225 0.495 0.785398 0.4
s 1 -1.205 0.495 0.785398 0.4
s 1 -1.185 0.495 0.785398 0.4
s 1 -1.165 0.495 0.785398 0.4
s 1 -1.145 0.495 0.785398 0.4
s 1 -1.125 0.495 0.785398 0.4
s 1 -1.105 0.495 0.785398 0.4
s 1 -1.085 0.495 0.785398 0.4
s 1 -1.065 0.495 0.785398 0.4
s 1 -1.045 0.495 0.785398 0.4
s 1 -1.025 0.495 0.785398 0.4
s 1 -1.005 0.495 0.785398 0.4
s 1 -0.985 0.495 0.785398 0.4
s 1 -0.965 0.495 0.785398 0.4
s 1 -0.945 0.495 0.785398 0.4
s 1 -0.925 0.495 0.785398 0.4
s 1 -0.905 0.495 0.785398 0.4
s 1 -0.885 0.495 0.785398 0.4
s 1 -0.865 0.495 0.785398 0.4
s 1 -0.845 0.495 0.785398 0.4
s 1 -0.825 0.495 0.785398 0.4
s 1 -0.805 0.495 0.785398 0.4
s 1 -0.785 0.495 0.785398 0.4
s 1 -0.765 0.495 0.785398 0.4
s 1 -0.745 0.495 0.785398 0.4
s 1 -0.725 0.495 0.785398 0.4
s 1 -0.705 0.495 0.785398 0.4
s 1 -0.685 0.495 0.785398 0.4
s 1 -0.665 0.495 0.785398 0.4
s 1 -0.645 0.495 0.785398 0.4
s 1 -0.625 0.495 0.785398 0.4
s 1 -0.605 0.495 0.785398 0.4
s 1 -0.585 0.495 0.785398 0.4
s 1 -0.565 0.495 0.785398 0.4
s 1 -0.545 0.495 0.785398 0.4
s 1 -0.525 0.495 0.785398 0.4
s 1 -0.505 0.495 0.785398 0.4
s 1 -0.485 0.495 0.785398 0.4
s 1 -0.465 0.495 0.785398 0.4
s 1 -0.445 0.495 0.785398 0.4
s 1 -0.425 0.495 0.785398 0.4
s 1 -0.405 0.495 0.785398 0.4
s 1 -0.385 0.495 0.785398 0.4
s 1 -0.365 0.495 0.785398 0.4
s 1 -0.345 0.495 0.785398 0.4
s 1 -0.325 0.495 0.785398 0.4
s 1 -0.305 0.495 0.785398 0.4
s 1 -0.285 0.495 0.785398 0.4
s 1 -0.265 0.495 0.785398 0.4
s 1 -0.245 0.495 0.785398 0.4
s 1 -0.225 0.495 0.785398 0.4
s 1 -0.205 0.495 0.785398 0.4
s 1 -0.185 0.495 0.785398 0.4
s 1 -0.165 0.495 0.785398 0.4
s 1 -0.145 0.495 0.785398 0.4
s 1 -0.125 0.495 0.785398 0.4
s 1 -0.105 0.495 0.785398 0.4
s 1 -0.085 0.495 0.785398 0.4
s 1 -0.065 0.495 0.785398 0.4
s 1 -0.045 0.495 0.785398 0.4
s 1 -0.025 0.495 0.785398 0.4
s 1 -0.005 0.495 0.785398 0.4
s 1 0.015 0.495 0.785398 0.4
s 1 0.035 0.495 0.785398 0.4
s 1 0.055 0.495 0.785398 0.4
s 1 0.075 0.495 0.785398 0.4
s 1 0.095 0.495 0.785398 0.4
s 1 0.115 0.495 0.785398 0.4
s 1 0.135 0.495 0.785398 0.4
s 1 0.155 0.495 0.785398 0.4
s 1 0.175 0.495 0.785398 0.4
s 1 0.195 0.495 0.785398 0.4
s 1 0.215 0.495 0.785398 0.4
s 0 0.235 0.495 0.785398 0.4
s 0 0.255 0.495 0.785398 0.4
s 0 0.275 0.495 0.785398 0.4
s 0 0.295 0.495 0.785398 0.4
s 0 0.315 0.495 0.785398 0.4
s 0 0.335 0.495 0.785398 0.4
s 0 0.355 0.495 0.785398 0.4
s 0 0.375 0.495 0.785398 0.4
s 0 0.395 0.495 0.785398 0.4
s 0 -1.805 0.495 0 0.4
s 1 -1.785 0.495 0 0.4
s 1 -1.765 0.495 0 0.4
s 1 -1.745 0.495 0 0.4
s 1 -1.725 0.495 0 0.4
s 1 -1.705 0.495 0 0.4
s 1 -1.685 0.495 0 0.4
s 1 -1.665 0.495 0 0.4
s 1 -1.645 0.495 0 0.4
s 1 -1.625 0.495 0 0.4
s 1 -1.605 0.495 0 0.4
s 1 -1.585 0.495 0 0.4
s 1 -1.565 0.495 0 0.4
s 1 -1.545 0.495 0 0.4
s 1 -1.525 0.495 0 0.4
s 1 -1.505 0.495 0 0.4
s 1 -1.485 0.495 0 0.4
s 1 -1.465 0.495 0 0.4
s 1 -1.445 0.495 0 0.4
s 1 -1.425 0.495 0 0.4
s 1 -1.405 0.495 0 0.4
s 1 -1.385 0.495 0 0.4
s 1 -1.365 0.495 0 0.4
s 1 -1.345 0.495 0 0.4
s 1 -1.325 0.495 0 0.4
s 1 -1.305 0.495 0 0.4
s 1 -1.285 0.495 0 0.4
s 1 -1.265 0.495 0 0.4
s 1 -1.245 0.495 0 0.4
s 1 -1.225 0.495 0 0.4
s 1 -1.205 0.495 0 0.4
s 1 -1.185 0.495 0 0.4
s 1 -1.165 0.495 0 0.4
s 1 -1.145 0.495 0 0.4
s 1 -1.125 0.495 0 0.4
s 1 -1.105 0.495 0 0.4
s 1 -1.085 0.495 0 0.4
s 1 -1.065 0.495 0 0.4
s 1 -1.045 0.495 0 0.4
s 1 -1.025 0.495 0 0.4
s 1 -1.005 0.495 0 0.4
s 1 -0.985 0.495 0 0.4
s 1 -0.965 0.495 0 0.4
s 1 -0.945 0.495 0 0.4
s 1 -0.925 0.495 0 0.4
s 1 -0.905 0.495 0 0.4
s 1 -0.885 0.495 0 0.4
s 1 -0.865 0.495 0 0.4
s 1 -0.845 0.495 0 0.4
s 1 -0.825 0.495 0 0.4
s 1 -0.805 0.495 0 0.4
s 1 -0.785 0.495 0 0.4
s 1 -0.765 0.495 0 0.4
s 1 -0.745 0.495 0 0.4
s 1 -0.725 0.495 0 0.4
s 1 -0.705 0.495 0 0.4
s 1 -0.685 0.495 0 0.4
s 1 -0.665 0.495 0 0.4
s 1 -0.645 0.495 0 0.4
s 1 -0.625 0.495 0 0.4
s 1 -0.605 0.495 0 0.4
s 1 -0.585 0.495 0 0.4
s 1 -0.565 0.495 0 0.4
s 1 -0.545 0.495 0 0.4
s 1 -0.525 0.495 0 0.4
s 1 -0.505 0.495 0 0.4
s 1 -0.485 0.495 0 0.4
s 1 -0.465 0.495 0 0.4
s 1 -0.445 0.495 0 0.4
s 1 -0.425 0.495 0 0.4
s 1 -0.405 0.495 0 0.4
s 1 -0.385 0.495 0 0.4
s 1 -0.365 0.495 0 0.4
s 1 -0.345 0.495 0 0.4
s 1 -0.325 0.495 0 0.4
s 1 -0.305 0.495 0 0.4
s 1 -0.285 0.495 0 0.4
s 1 -0.265 0.495 0 0.4
s 1 -0.245 0.495 0 0.4
s 1 -0.225 0.495 0 0.4
s 1 -0.205 0.495 0 0.4
s 1 -0.185 0.495 0 0.4
s 1 -0.165 0.495 0 0.4
s 1 -0.145 0.495 0 0.4
s 1 -0.125 0.495 0 0.4
s 1 -0.105 0.495 0 0.4
s 1 -0.085 0.495 0 0.4
s 1 -0.065 0.495 0 0.4
s 1 -0.045 0.495 0 0.4
s 1 -0.025 0.495 0 0.4
s 1 -0.005 0.495 0 0.4
s 1 0.015 0.495 0 0.4
s 1 0.035 0.495 0 0.4
s 1 0.055 0.495 0 0.4
s 1 0.075 0.495 0 0.4
s 1 0.095 0.495 0 0.4
s 1 0.115 0.495 0 0.4
s 1 0.135 0.495 0 0.4
s 1 0.155 0.495 0 0.4
s 1 0.175 0.495 0 0.4
s 1 0.195 0.495 0 0.4
s 1 0.215 0.495 0 0.4
s 1 0.235 0.495 0 0.4
s 1 0.255 0.495 0 0.4
s 1 0.275 0.495 0 0.4
s 1 0.295 0.495 0 0.4
s 0 0.315 0.495 0 0.4
s 0 0.335 0.495 0 0.4
s 0 0.355 0.495 0 0.4
s 0 0.375 0.495 0 0.4
s 0 0.395 0.495 0 0.4
s 1 1.25 3.2 0 0.4
s 1 1.25 3.18 0 0.4
s 1 1.25 3.16 0 0.4
s 1 1.25 3.14 0 0.4
s 1 1.25 3.12 0 0.4
s 1 1.25 3.1 0 0.4
s 1 1.25 3.08 0 0.4
s 1 1.25 3.06 0 0.4
s 1 1.25 3.04 0 0.4
s 1 1.25 3.02 0 0.4
s 1 1.25 3 0 0.4
s 1 1.25 2.98 0 0.4
s 1 1.25 2.96 0 0.4
s 1 1.25 2.94 0 0.4
s 1 1.25 2.92 0 0.4
s 1 1.25 2.9 0 0.4
s 1 1.25 2.88 0 0.4
s 1 1.25 2.86 0 0.4
s 1 1.25 2.84 0 0.4
s 1 1.25 2.82 0 0.4
s 1 1.25 2.8 0 0.4
s 1 1.25 2.78 0 0.4
s 1 1.25 2.76 0 0.4
s 1 1.25 2.74 0 0.4
s 1 1.25 2.72 0 0.4
s 1 1.25 2.7 0 0.4
s 1 1.25 2.68 0 0.4
s 1 1.25 2.66 0 0.4
s 1 1.25 2.64 0 0.4
s 1 1.25 2.62 0 0.4
s 1 1.25 2.6 0 0.4
s 1 1.25 2.58 0 0.4
s 1 1.25 2.56 0 0.4
s 1 1.25 2.54 0 0.4
s 1 1.25 2.52 0 0.4
s 1 1.25 2.5 0 0.4
s 1 1.25 2.48 0 0.4
s 1 1.25 2.46 0 0.4
s 1 1.25 2.44 0 0.4
s 1 1.25 2.42 0 0.4
s 1 1.25 2.4 0 0.4
s 1 1.25 2.38 0 0.4
s 1 1.25 2.36 0 0.4
s 1 1.25 2.34 0 0.4
s 1 1.25 2.32 0 0.4
s 1 1.25 2.3 0 0.4
s 1 1.25 2.28 0 0.4
s 1 1.25 2.26 0 0.4
s 1 1.25 2.24 0 0.4
s 1 1.25 2.22 0 0.4
s 1 1.25 2.2 0 0.4
s 1 1.25 2.18 0 0.4
s 1 1.25 2.16 0 0.4
s 1 1.25 2.14 0 0.4
s 1 1.25 2.12 0 0.4
s 1 1.25 2.1 0 0.4
s 1 1.25 2.08 0 0.4
s 1 1.25 2.06 0 0.4
s 1 1.25 2.04 0 0.4
s 1 1.25 2.02 0 0.4
s 1 1.25 2 0 0.4
s 1 1.25 1.98 0 0.4
s 1 1.25 1.96 0 0.4
s 1 1.25 1.94 0 0.4
s 1 1.25 1.92 0 0.4
s 1 1.25 1.9 0 0.4
s 1 1.25 1.88 0 0.4
s 1 1.25 1.86 0 0.4
s 1 1.25 1.84 0 0.4
s 1 1.25 1.82 0 0.4
s 1 1.25 1.8 0 0.4
s 1 1.25 1.78 0 0.4
s 1 1.25 1.76 0 0.4
s 1 1.25 1.74 0 0.4
s 1 1.25 1.72 0 0.4
s 1 1.25 1.7 0 0.4
s 1 1.25 1.68 0 0.4
s 1 1.25 1.66 0 0.4
s 1 1.25 1.64 0 0.4
s 1 1.25 1.62 0 0.4
s 1 1.25 1.6 0 0.4
s 1 1.25 1.58 0 0.4
s 1 1.25 1.56 0 0.4
s 1 1.25 1.54 0 0.4
s 1 1.25 1.52 0 0.4
s 1 1.25 1.5 0 0.4
s 1 1.25 1.48 0 0.4
s 1 1.25 1.46 0 0.4
s 1 1.25 1.44 0 0.4
s 1 1.25 1.42 0 0.4
s 1 1.25 1.4 0 0.4
s 1 1.25 1.38 0 0.4
s 1 1.25 1.36 0 0.4
s 1 1.25 1.34 0 0.4
s 1 1.25 1.32 0 0.4
s 1 1.25 1.3 0 0.4
s 1 1.25 1.28 0 0.4
s 1 1.25 1.26 0 0.4
s 1 1.25 1.24 0 0.4
s 1 1.25 1.22 0 0.4
s 0 1.25 1.2 0 0.4
s 0 1.25 1.18 0 0.4
s 0 1.25 1.16 0 0.4
s 0 1.25 1.14 0 0.4
s 0 1.25 1.12 0 0.4
s 0 1.25 1.1 0 0.4
s 1 1.25 3.2 0.523599 0.4
s 1 1.25 3.18 0.523599 0.4
s 1 1.25 3.16 0.523599 0.4
s 1 1.25 3.14 0.523599 0.4
s 1 1.25 3.12 0.523599 0.4
s 1 1.25 3.1 0.523599 0.4
s 1 1.25 3.08 0.523599 0.4
s 1 1.25 3.06 0.523599 0.4
s 1 1.25 3.04 0.523599 0.4
s 1 1.25 3.02 0.523599 0.4
s 1 1.25 3 0.523599 0.4
s 1 1.25 2.98 0.523599 0.4
s 0 1.25 2.96 0.523599 0.4
s 0 1.25 2.94 0.523599 0.4
s 0 1.25 2.92 0.523599 0.4
s 0 1.25 2.9 0.523599 0.4
s 0 1.25 2.88 0.523599 0.4
s 0 1.25 2.86 0.523599 0.4
s 0 1.25 2.84 0.523599 0.4
s 0 1.25 2.82 0.523599 0.4
s 0 1.25 2.8 0.523599 0.4
s 0 1.25 2.78 0.523599 0.4
s 0 1.25 2.76 0.523599 0.4
s 0 1.25 2.74 0.523599 0.4
s 0 1.25 2.72 0.523599 0.4
s 0 1.25 2.7 0.523599 0.4
s 0 1.25 2.68 0.523599 0.4
s 0 1.25 2.66 0.523599 0.4
s 0 1.25 2.64 0.523599 0.4
s 0 1.25 2.62 0.523599 0.4
s 0 1.25 2.6 0.523599 0.4
s 0 1.25 2.58 0.523599 0.4
s 0 1.25 2.56 0.523599 0.4
s 0 1.25 2.54 0.523599 0.4
s 0 1.25 2.52 0.523599 0.4
s 0 1.25 2.5 0.523599 0.4
s 0 1.25 2.48 0.523599 0.4
s 0 1.25 2.46 0.523599 0.4
s 0 1.25 2.44 0.523599 0.4
s 0 1.25 2.42 0.523599 0.4
s 0 1.25 2.4 0.523599 0.4
s 0 1.25 2.38 0.523599 0.4
s 0 1.25 2.36 0.523599 0.4
s 0 1.25 2.34 0.523599 0.4
s 0 1.25 2.32 0.523599 0.4
s 0 1.25 2.3 0.523599 0.4
s 0 1.25 2.28 0.523599 0.4
s 0 1.25 2.26 0.523599 0.4
s 0 1.25 2.24 0.523599 0.4
s 0 1.25 2.22 0.523599 0.4
s 0 1.25 2.2 0.523599 0.4
s 0 1.25 2.18 0.523599 0.4
s 0 1.25 2.16 0.523599 0.4
s 0 1.25 2.14 0.523599 0.4
s 0 1.25 2.12 0.523599 0.4
s 0 1.25 2.1 0.523599 0.4
s 0 1.25 2.08 0.523599 0.4
s 0 1.25 2.06 0.523599 0.4
s 0 1.25 2.04 0.523599 0.4
s 0 1.25 2.02 0.523599 0.4
s 0 1.25 2 0.523599 0.4
s 0 1.25 1.98 0.523599 0.4
s 0 1.25 1.96 0.523599 0.4
s 0 1.25 1.94 0.523599 0.4
s 0 1.25 1.92 0.523599 0.4
s 1 1.25 1.9 0.523599 0.4
s 1 1.25 1.88 0.523599 0.4
s 1 1.25 1.86 0.523599 0.4
s 1 1.25 1.84 0.523599 0.4
s 1 1.25 1.82 0.523599 0.4
s 1 1.25 1.8 0.523599 0.4
s 1 1.25 1.78 0.523599 0.4
s 1 1.25 1.76 0.523599 0.4
s 1 1.25 1.74 0.523599 0.4
s 1 1.25 1.72 0.523599 0.4
s 1 1.25 1.7 0.523599 0.4
s 1 1.25 1.68 0.523599 0.4
s 1 1.25 1.66 0.523599 0.4
s 1 1.25 1.64 0.523599 0.4
s 1 1.25 1.62 0.523599 0.4
s 1 1.25 1.6 0.523599 0.4
s 1 1.25 1.58 0.523599 0.4
s 1 1.25 1.56 0.523599 0.4
s 1 1.25 1.54 0.523599 0.4
s 1 1.25 1.52 0.523599 0.4
s 1 1.25 1.5 0.523599 0.4
s 1 1.25 1.48 0.523599 0.4
s 1 1.25 1.46 0.523599 0.4
s 1 1.25 1.44 0.523599 0.4
s 1 1.25 1.42 0.523599 0.4
s 1 1.25 1.4 0.523599 0.4
s 1 1.25 1.38 0.523599 0.4
s 1 1.25 1.36 0.523599 0.4
s 1 1.25 1.34 0.523599 0.4
s 1 1.25 1.32 0.523599 0.4
s 1 1.25 1.3 0.523599 0.4
s 1 1.25 1.28 0.523599 0.4
s 0 1.25 1.26 0.523599 0.4
s 0 1.25 1.24 0.523599 0.4
s 0 1.25 1.22 0.523599 0.4
s 0 1.25 1.2 0.523599 0.4
s 0 1.25 1.18 0.523599 0.4
s 0 1.25 1.16 0.523599 0.4
s 0 1.25 1.14 0.523599 0.4
s 0 1.25 1.12 0.523599 0.4
s 0 1.25 1.1 0.523599 0.4
