s 1 2.75 0.1 -3.14159 0.4
s 0 2.75 0.1 -2.84239 0.4
s 0 2.75 0.1 -2.54319 0.4
s 0 2.75 0.1 -2.24399 0.4
s 0 2.75 0.1 -1.9448 0.4
s 1 2.75 0.1 -1.6456 0.4
s 1 2.75 0.1 -1.3464 0.4
s 0 2.75 0.1 -1.0472 0.4
s 0 2.75 0.1 -0.747998 0.4
s 0 2.75 0.1 -0.448799 0.4
s 1 2.75 0.1 -0.1496 0.4
s 1 2.75 0.1 0.1496 0.4
s 0 2.75 0.1 0.448799 0.4
s 0 2.75 0.1 0.747998 0.4
s 0 2.75 0.1 1.0472 0.4
s 1 2.75 0.1 1.3464 0.4
s 1 2.75 0.1 1.6456 0.4
s 0 2.75 0.1 1.9448 0.4
s 0 2.75 0.1 2.24399 0.4
s 0 2.75 0.1 2.54319 0.4
s 1 2.75 0.1 2.84239 0.4