s 1 2.92764 1.0241 0.375696 0.25
s 0 -2.91184 2.6556 -1.87547 0.25
s 0 2.46107 0.151832 2.35323 0.25
s 1 1.23019 3.31508 0.341098 0.25
s 1 1.03066 -2.34067 -0.498097 0.25
s 0 3.5246 1.76629 0.0292828 0.25
s 0 -0.0637803 -2.02993 0.986648 0.25
s 1 -0.376243 -2.94237 0.788732 0.25
s 1 3.32467 -3.55332 2.19497 0.25
s 1 0.654489 -2.79989 0.745555 0.25
s 1 0.231594 -2.45669 -0.631464 0.25
s 0 -2.88141 -0.167936 0.348551 0.25
s 1 -3.56028 -1.35383 -2.04115 0.25
s 0 -2.26262 -0.618572 0.228081 0.25
s 1 2.24577 -0.669904 0.517734 0.25
s 1 0.397564 -3.44944 -0.576383 0.25
s 0 3.45635 1.52976 -2.06472 0.25
s 0 -0.366173 1.86107 0.936766 0.25
s 1 -3.35362 3.48767 -1.96708 0.25
s 1 -2.92107 -2.75842 -2.9741 0.25
s 1 1.91819 -0.89404 -2.13411 0.25
s 1 -1.83523 2.15145 -1.4453 0.25
s 1 -1.06034 -3.58076 -0.28556 0.25
s 0 -2.02179 -0.425323 2.92127 0.25
s 1 1.54391 3.53265 -0.355868 0.25
s 0 3.44512 0.876606 2.10854 0.25
s 1 -0.359661 -0.423858 -2.09449 0.25
s 0 -2.51397 1.80549 0.0975352 0.25
s 1 -3.25586 3.62579 2.79548 0.25
s 1 -0.644502 -0.148191 -0.881153 0.25
s 0 -3.04369 -0.847567 1.3463 0.25
s 0 -2.82783 -2.58173 0.500287 0.25
s 1 -3.67433 -3.5992 0.0078814 0.25
s 0 -2.32688 0.288219 2.42379 0.25
s 0 -0.69982 -1.24782 1.2922 0.25
s 0 -1.89771 1.7869 0.977724 0.25
s 1 -1.18642 1.71783 -2.7444 0.25
s 1 2.86221 -0.594666 -0.963347 0.25
s 0 -0.525942 2.74937 -1.92835 0.25
s 1 -1.23428 2.53572 2.95552 0.25
s 1 1.66453 2.00228 -1.28785 0.3
s 1 -1.47184 1.57513 2.07609 0.3
s 1 -3.1751 2.73202 2.13611 0.3
s 1 -3.38731 -1.65966 1.17013 0.3
s 0 1.89332 0.26741 -2.94807 0.3
s 1 -1.27846 2.96183 -2.60318 0.3
s 1 3.51182 -2.25806 2.08109 0.3
s 1 -2.21129 -2.94179 -1.5431 0.3
s 0 1.95417 1.0933 1.97873 0.3
s 1 -1.27349 -0.0523195 -0.594349 0.3
s 1 3.13707 0.740682 0.740714 0.3
s 0 1.58916 0.026104 -0.318723 0.3
s 1 -1.55135 -3.1604 0.652271 0.3
s 1 -1.64581 2.15417 0.609355 0.3
s 0 0.860887 0.523269 0.991125 0.3
s 1 2.9458 2.70915 -2.00077 0.3
s 1 -1.2567 3.277 -0.941069 0.3
s 0 -2.82428 0.736805 -2.61532 0.3
s 0 -0.129961 2.83021 0.141075 0.3
s 0 -2.43054 -0.806772 -2.20963 0.3
s 1 -0.946352 0.822361 -0.886179 0.3
s 1 -1.2419 1.14915 -1.82219 0.3
s 1 -0.860806 -0.290097 -2.5453 0.3
s 0 0.349752 2.38805 -0.410101 0.3
s 1 -1.46909 -3.17705 -1.29673 0.3
s 1 -1.43576 -1.02116 0.369084 0.3
s 0 -2.43481 0.982842 -1.62919 0.3
s 1 1.73796 -1.03825 0.565331 0.3
s 1 1.45222 3.29497 2.18767 0.3
s 0 -2.37643 0.862154 -0.166471 0.3
s 1 0.360029 -0.185628 0.584659 0.3
s 0 0.945639 2.46573 -0.729524 0.3
s 1 2.78463 3.00149 0.938736 0.3
s 0 -2.77498 -0.664081 -0.531038 0.3
s 1 2.98706 0.197535 2.21346 0.3
s 0 -0.17269 -2.20679 2.23736 0.3
s 0 3.31326 -0.434571 2.53515 0.3
s 1 1.99741 -3.68334 -1.12734 0.3
s 1 1.08036 -2.89823 -0.484365 0.3
s 1 -0.0774009 3.49746 -0.384601 0.3
s 0 -0.0837941 -2.11579 -1.22257 0.35
s 1 3.5583 -2.77992 -2.60109 0.35
s 1 2.84358 3.48177 1.80785 0.35
s 0 -2.81344 1.10524 2.21766 0.35
s 0 -0.264428 -1.4537 -1.1029 0.35
s 0 0.404459 -1.61774 -0.225701 0.35
s 1 -1.50401 3.55324 -0.67884 0.35
s 1 2.08362 -0.967294 2.21137 0.35
s 0 -2.44134 1.54295 -0.221682 0.35
s 1 -3.59719 0.475988 -3.08491 0.35
s 1 -0.0226774 -0.739224 -0.909156 0.35
s 1 -0.716847 -0.102286 1.71182 0.35
s 1 -3.53486 2.4819 -2.87256 0.35
s 1 -3.31292 -1.1511 0.301671 0.35
s 0 1.20896 -1.1733 0.273893 0.35
s 1 -2.85513 -3.29196 0.557379 0.35
s 0 -1.11819 -1.17663 -1.03875 0.35
s 1 -0.454032 0.426572 0.822998 0.35
s 1 3.04423 -1.2971 1.52926 0.35
s 1 3.09947 3.28667 1.72521 0.35
s 1 1.26098 3.02252 3.13793 0.35
s 0 1.02736 -1.4522 -3.12723 0.35
s 1 -0.612768 -2.7998 -0.642236 0.35
s 1 -0.450936 -0.108325 0.457525 0.35
s 1 -0.873247 -3.44789 -2.17005 0.35
s 0 3.4629 1.56526 2.48542 0.35
s 1 1.59696 -1.57005 -1.95315 0.35
s 1 3.44154 -2.33158 1.12575 0.35
s 1 -1.06986 0.265414 1.23597 0.35
s 0 0.801736 -1.74705 0.648892 0.35
s 1 2.34982 3.25818 -0.656629 0.35
s 1 -1.47066 -2.73556 1.82712 0.35
s 1 -3.49064 2.93145 2.40013 0.35
s 1 3.14443 3.57056 1.72285 0.35
s 0 -2.36505 0.661291 2.3784 0.35
s 1 1.69088 -2.99547 -0.548228 0.35
s 1 -3.35779 3.3129 -1.59932 0.35
s 0 0.489044 -1.96392 2.15824 0.35
s 1 0.063046 -3.38937 3.0902 0.35
s 1 -3.59621 -1.30443 -0.389009 0.35
s 1 2.75851 3.03307 0.452847 0.4
s 0 -2.17028 2.58433 -2.12945 0.4
s 0 2.41321 0.835292 0.213574 0.4
s 1 1.90506 2.4401 0.072289 0.4
s 0 -2.76723 1.44723 0.168156 0.4
s 0 0.755414 -1.51145 -2.43956 0.4
s 0 -2.35476 0.542157 -0.655766 0.4
s 1 -3.46677 3.14655 -0.362179 0.4
s 0 -0.286901 2.45317 1.24182 0.4
s 1 -0.100712 -2.40541 2.73947 0.4
s 1 -3.02203 -3.33591 -3.03215 0.4
s 1 1.48501 -2.28699 2.06304 0.4
s 0 0.102446 1.79245 1.46552 0.4
s 0 0.891233 -0.145432 0.803063 0.4
s 0 -2.47405 0.24881 2.96015 0.4
s 1 -1.60758 1.11707 2.11164 0.4
s 0 3.5042 -0.537393 0.819539 0.4
s 1 -3.40296 -1.9001 0.647376 0.4
s 1 -0.668106 -0.155287 -1.90226 0.4
s 1 1.74511 2.4265 -2.49451 0.4
s 1 2.4316 3.20198 -0.287534 0.4
s 0 2.45352 0.341163 1.55293 0.4
s 0 -0.726882 2.68243 -2.4073 0.4
s 0 -0.779785 2.41642 1.51334 0.4
s 1 3.03908 1.20096 -3.09786 0.4
s 0 1.59747 0.89621 -2.291 0.4
s 0 -2.15191 1.12403 0.222771 0.4
s 1 2.8117 -3.14157 2.73976 0.4
s 0 -0.0680934 -0.89228 2.96848 0.4
s 1 3.09731 3.52283 -2.02066 0.4
s 0 0.0927632 -2.10121 -2.89499 0.4
s 1 2.34898 2.5844 1.27855 0.4
s 1 2.48744 3.54722 -1.22303 0.4
s 0 -2.75258 -0.0599604 -3.08855 0.4
s 0 -2.49458 2.01952 -0.335254 0.4
s 1 3.2302 -3.2776 3.06746 0.4
s 1 1.8762 1.56323 1.16597 0.4
s 0 -2.90415 -2.34009 0.72752 0.4
s 0 0.295473 0.0991815 1.74955 0.4
s 1 1.72465 -2.18533 -1.83635 0.4
s 1 3.07437 -1.39002 -2.56263 0.45
s 1 3.45798 3.01821 -3.13774 0.45
s 0 0.855554 2.65707 0.62784 0.45
s 1 3.00296 3.48637 3.06039 0.45
s 1 -0.138214 3.51086 0.96275 0.45
s 0 -0.194974 2.47351 -2.2017 0.45
s 0 0.161153 2.30845 0.839152 0.45
s 0 -1.90607 -1.0653 1.3896 0.45
s 0 3.36534 -0.0612237 -0.190732 0.45
s 0 -2.17097 -0.226212 1.5777 0.45
s 1 -1.65823 -0.344721 1.95187 0.45
s 1 -3.49519 2.47231 0.493463 0.45
s 0 1.06514 -0.881247 0.497527 0.45
s 1 0.0687437 -3.12265 2.03732 0.45
s 1 -2.30048 -2.92284 -2.88713 0.45
s 0 -1.04552 2.38672 -1.68769 0.45
s 0 0.98122 -0.898697 -1.68951 0.45
s 1 -2.57831 -3.49447 -1.49503 0.45
s 0 -0.583629 2.99755 -3.01699 0.45
s 0 0.506542 0.275657 1.16674 0.45
s 0 -0.995494 3.24094 -1.08607 0.45
s 0 -3.14471 -1.73901 -2.17205 0.45
s 1 2.11328 -1.13545 -0.600264 0.45
s 1 -2.42194 -2.9325 -0.550663 0.45
s 1 1.25597 -2.75165 -0.508948 0.45
s 0 -2.37912 2.53552 0.23206 0.45
s 0 -2.98386 1.6237 0.734092 0.45
s 1 -3.3787 -0.784071 -1.44739 0.45
s 1 -1.41189 -2.78741 -0.451927 0.45
s 0 -3.18537 0.806766 -1.87932 0.45
s 1 -1.46878 -2.17516 -2.87279 0.45
s 1 -3.42545 0.852543 2.25804 0.45
s 1 0.417956 -0.628109 -3.01899 0.45
s 0 -2.41285 -1.85933 -0.877018 0.45
s 0 -0.441723 3.17525 -1.77351 0.45
s 1 1.49991 1.57723 -2.59005 0.45
s 1 -0.323328 0.887912 3.07601 0.45
s 0 -1.82716 -2.18565 1.40526 0.45
s 0 -0.127659 2.41702 -0.681359 0.45
s 1 1.52667 -3.29617 2.60203 0.45